center_x = 151.7286
center_y = 141.091066666667
center_z = 261.970266666667
size_x = 16.3977
size_y = 17.3008
size_z = 20.5711